lambda,avg_Eout
0.05,1.5317447791513013
0.1,1.486408724276711
0.15000000000000002,1.446374016007614
0.2,1.4115095219528349
0.25,1.3821323367931286
0.30000000000000004,1.3585651232091227
0.35000000000000003,1.3404351980006861
0.4,1.3271059562582548
0.45,1.3179146179715362
0.5,1.3119976027393687
0.55,1.3083836886052724
0.6000000000000001,1.3059630877070922
0.65,1.304177736211483
0.7000000000000001,1.3026141807221838
0.75,1.3008054063502135
0.8,1.2987178133042698
0.8500000000000001,1.2964309796844096
0.9,1.294025006161774
0.9500000000000001,1.2914677523961886
1.0,1.288919568723812
1.05,1.2863939233577153
1.1,1.2838502176307174
1.1500000000000001,1.2812941241917122
1.2000000000000002,1.2787730249757496
1.25,1.2763994450529057
1.3,1.2741843443284109
1.35,1.27186560029138
1.4000000000000001,1.2695627379752767
1.4500000000000002,1.2671351953414647
1.5,1.264848152696345
1.55,1.2623863771343193
1.6,1.2598923192067706
1.6500000000000001,1.2574752880237927
1.7000000000000002,1.25509254674278
1.75,1.2528959362757186
1.8,1.2508394179921443
1.85,1.248496660137221
1.9000000000000001,1.246453247519282
1.9500000000000002,1.244442083210317
2.0,1.2424770668207166
3.0,1.208241890741746
4.0,1.1874877016930259
5.0,1.1723934413667902
6.0,1.1656608547398541
7.0,1.1665532057491588
8.0,1.1728224695893217
9.0,1.1837406890939943
10.0,1.2013004446398399
