lambda,avg_Eout
0.05,1.3399893220247276
0.1,1.2759927226510948
0.15000000000000002,1.23950929949807
0.2,1.2160508872282343
0.25,1.2000510576914247
0.30000000000000004,1.188705694033259
0.35000000000000003,1.180403510423792
0.4,1.1741479643486348
0.45,1.1692887080045546
0.5,1.1653868273677364
0.55,1.1621457250369058
0.6000000000000001,1.1593684103170598
0.65,1.1569202724769247
0.7000000000000001,1.1547052440822432
0.75,1.152655099419062
0.8,1.1507229738227633
0.8500000000000001,1.148877542884888
0.9,1.1470981536132059
0.9500000000000001,1.145371599733018
1.0,1.1436901357162617
1.05,1.1420497513691694
1.1,1.140448489758452
1.1500000000000001,1.1388854484515212
1.2000000000000002,1.1373601796109092
1.25,1.1358722002240773
1.3,1.1344208295858584
1.35,1.133005300222508
1.4000000000000001,1.1316249373498715
1.4500000000000002,1.1302792949564073
1.5,1.1289681618275687
1.55,1.1276914522446106
1.6,1.1264490611224844
1.6500000000000001,1.1252407597200202
1.7000000000000002,1.124066160905204
1.75,1.122924745482796
1.8,1.121815928707776
1.85,1.1207391376959985
1.9000000000000001,1.1196938774200897
1.9500000000000002,1.118679756373862
2.0,1.1176964757957029
3.0,1.103935506073491
4.0,1.098660488110628
5.0,1.0982779692983635
6.0,1.100840549837464
7.0,1.1054018410894817
8.0,1.1113699321385717
9.0,1.1183459014763026
10.0,1.1260424025467393
