lambda,avg_Eout
0.001,3.401333146040616
0.002,2.468660659412755
0.003,2.118178559552904
0.004,1.9321159717882552
0.005,1.8160552596330737
0.006,1.736422591898454
0.007,1.6782123347576858
0.008,1.6336913488434501
0.009000000000000001,1.598462323166185
0.01,1.5698369549613538
0.011,1.5460775911383078
0.012,1.5260102527096095
0.013000000000000001,1.5088127034677745
0.014,1.4938915836254558
0.015,1.4808077575411294
0.016,1.46922913516039
0.017,1.4588998401911135
0.018000000000000002,1.449619470557676
0.019,1.4412287920643103
0.02,1.4335996489879343
0.021,1.4266277077530634
0.022,1.4202271460664309
0.023,1.4143267043807959
0.024,1.4088667082860202
0.025,1.4037967939834755
0.026000000000000002,1.3990741503112647
0.027,1.3946621453246386
0.028,1.3905292426546008
0.029,1.3866481386740634
0.03,1.3829950696572553
0.031,1.3795492510654528
0.032,1.3762924204405222
0.033,1.3732084622161134
0.034,1.3702830977979306
0.035,1.3675036280243753
0.036000000000000004,1.3648587179492195
0.037,1.3623382160376167
0.038,1.3599330015126816
0.039,1.3576348548601822
0.04,1.3554363474863504
0.041,1.353330747296783
0.042,1.351311937573487
0.043000000000000003,1.3493743470099713
0.044,1.3475128891493606
0.045,1.3457229097793681
0.046,1.3440001410868916
0.047,1.3423406615768139
0.048,1.340740860923829
0.049,1.3391974090605245
0.05,1.3377072289153529
0.051000000000000004,1.3362674723052406
0.052000000000000005,1.334875498563037
0.053,1.3335288555428124
0.054,1.3322252626983555
0.055,1.330962595974171
0.056,1.3297388742851446
0.057,1.3285522473921625
0.058,1.3274009850073294
0.059000000000000004,1.3262834669847474
0.06,1.325198174471854
0.061,1.324143681912562
0.062,1.323118649807318
0.063,1.3221218181471672
0.064,1.321152000449129
0.065,1.320208078329082
0.066,1.3192889965559975
0.067,1.3183937585379968
0.068,1.3175214221964713
0.069,1.3166710961895418
0.07,1.3158419364504839
0.07100000000000001,1.315033143010598
0.07200000000000001,1.314243957079346
0.073,1.3134736583575286
0.074,1.312721562561846
0.075,1.3119870191415026
0.076,1.311269409169482
0.077,1.3105681433929461
0.078,1.3098826604287461
0.079,1.3092124250914674
0.08,1.308556926842646
0.081,1.3079156783509134
0.082,1.307288214153812
0.083,1.3066740894128948
0.084,1.3060728787545204
0.085,1.3054841751894504
0.08600000000000001,1.3049075891049862
0.08700000000000001,1.3043427473239608
0.088,1.3037892922253909
0.089,1.3032468809220754
0.09,1.302715184490814
0.091,1.3021938872513201
0.092,1.3016826860902124
0.093,1.3011812898267956
0.094,1.3006894186175963
0.095,1.3002068033968897
0.096,1.2997331853506655
0.097,1.299268315421692
0.098,1.2988119538435223
0.099,1.2983638697014672
0.1,1.297923840518693
0.101,1.2974916518657746
0.10200000000000001,1.297067096992129
0.10300000000000001,1.2966499764779058
0.10400000000000001,1.296240097904996
0.105,1.2958372755459275
0.106,1.2954413300695091
0.107,1.295052088262165
0.108,1.294669382763977
0.109,1.2942930518185272
0.11,1.293922939035688
0.111,1.2935588931665811
0.112,1.2932007678899669
0.113,1.2928484216093854
0.114,1.2925017172604143
0.115,1.292160522127449
0.116,1.2918247076694547
0.117,1.2914941493541756
0.11800000000000001,1.2911687265003151
0.11900000000000001,1.2908483221272458
0.12,1.2905328228118138
0.121,1.2902221185518579
0.122,1.2899161026360688
0.123,1.289614671519836
0.124,1.2893177247067718
0.125,1.2890251646355948
0.126,1.2887368965720989
0.127,1.288452828505932
0.128,1.2881728710519347
0.129,1.2878969373558047
0.13,1.2876249430038647
0.131,1.2873568059367173
0.132,1.2870924463665991
0.133,1.2868317866982446
0.134,1.2865747514530794
0.135,1.2863212671965911
0.136,1.2860712624687063
0.137,1.2858246677170382
0.138,1.2855814152328642
0.139,1.2853414390896971
0.14,1.285104675084334
0.14100000000000001,1.284871060680259
0.14200000000000002,1.284640534953293
0.14300000000000002,1.2844130385393873
0.14400000000000002,1.2841885135844568
0.145,1.2839669036961623
0.146,1.2837481538975557
0.147,1.2835322105824962
0.148,1.2833190214727666
0.149,1.2831085355768073
0.15,1.2829007031499997
0.151,1.2826954756564284
0.152,1.2824928057320617
0.153,1.2822926471492821
0.154,1.2820949547827163
0.155,1.281899684576302
0.156,1.2817067935115438
0.157,1.2815162395769064
0.158,1.2813279817382943
0.159,1.2811419799105792
0.16,1.2809581949301256
0.161,1.2807765885282756
0.162,1.2805971233057536
0.163,1.2804197627079545
0.164,1.2802444710010799
0.165,1.280071213249083
0.166,1.2798999552913979
0.167,1.2797306637214165
0.168,1.2795633058656863
0.169,1.279397849763798
0.17,1.2792342641489394
0.171,1.2790725184290876
0.17200000000000001,1.2789125826688168
0.17300000000000001,1.2787544275716938
0.17400000000000002,1.2785980244632444
0.17500000000000002,1.2784433452744675
0.176,1.2782903625258721
0.177,1.2781390493120228
0.178,1.2779893792865742
0.179,1.2778413266477728
0.18,1.277694866124412
0.181,1.2775499729622248
0.182,1.2774066229106922
0.183,1.277264792210263
0.184,1.2771244575799563
0.185,1.2769855962053476
0.186,1.276848185726912
0.187,1.2767122042287218
0.188,1.2765776302274787
0.189,1.2764444426618746
0.19,1.2763126208822657
0.191,1.2761821446406498
0.192,1.2760529940809384
0.193,1.275925149729511
0.194,1.2757985924860442
0.195,1.2756733036146024
0.196,1.275549264734988
0.197,1.2754264578143337
0.198,1.2753048651589387
0.199,1.2751844694063303
0.2,1.2750652535175537
0.201,1.274947200769671
0.202,1.2748302947484764
0.203,1.2747145193414084
0.20400000000000001,1.2745998587306575
0.20500000000000002,1.2744862973864661
0.20600000000000002,1.274373820060606
0.20700000000000002,1.2742624117800398
0.20800000000000002,1.274152057840748
0.209,1.2740427438017246
0.21,1.2739344554791348
0.211,1.2738271789406248
0.212,1.2737209004997883
0.213,1.2736156067107713
0.214,1.273511284363027
0.215,1.273407920476202
0.216,1.2733055022951605
0.217,1.273204017285131
0.218,1.2731034531269865
0.219,1.27300379771264
0.22,1.2729050391405599
0.221,1.272807165711399
0.222,1.2727101659237372
0.223,1.272614028469926
0.224,1.272518742232045
0.225,1.2724242962779513
0.226,1.2723306798574356
0.227,1.2722378823984677
0.228,1.2721458935035366
0.229,1.272054702946083
0.23,1.271964300667015
0.231,1.2718746767713118
0.232,1.271785821524711
0.233,1.2716977253504713
0.234,1.2716103788262179
0.23500000000000001,1.271523772680862
0.23600000000000002,1.2714378977915923
0.23700000000000002,1.2713527451809423
0.23800000000000002,1.2712683060139223
0.23900000000000002,1.2711845715952208
0.24,1.271101533366475
0.241,1.271019182903599
0.242,1.270937511914181
0.243,1.2708565122349347
0.244,1.270776175829214
0.245,1.2706964947845854
0.246,1.2706174613104508
0.247,1.2705390677357309
0.248,1.2704613065065977
0.249,1.2703841701842598
0.25,1.2703076514427976
0.251,1.2702317430670467
0.252,1.2701564379505288
0.253,1.2700817290934296
0.254,1.2700076096006223
0.255,1.269934072679732
0.256,1.2698611116392453
0.257,1.2697887198866624
0.258,1.269716890926687
0.259,1.2696456183594567
0.26,1.2695748958788133
0.261,1.2695047172706087
0.262,1.2694350764110491
0.263,1.2693659672650723
0.264,1.2692973838847648
0.265,1.2692293204078047
0.266,1.2691617710559462
0.267,1.2690947301335322
0.268,1.2690281920260362
0.269,1.2689621511986395
0.27,1.2688966021948354
0.271,1.2688315396350631
0.272,1.2687669582153713
0.273,1.268702852706107
0.274,1.2686392179506336
0.275,1.2685760488640754
0.276,1.268513340432086
0.277,1.2684510877096449
0.278,1.268389285819875
0.279,1.2683279299528871
0.28,1.2682670153646478
0.281,1.268206537375866
0.28200000000000003,1.2681464913709097
0.28300000000000003,1.2680868727967358
0.28400000000000003,1.2680276771618484
0.28500000000000003,1.2679689000352725
0.28600000000000003,1.267910537045552
0.28700000000000003,1.2678525838797645
0.28800000000000003,1.26779503628256
0.289,1.267737890055212
0.29,1.2676811410546924
0.291,1.2676247851927633
0.292,1.2675688184350833
0.293,1.2675132368003383
0.294,1.26745803635938
0.295,1.267403213234389
0.296,1.2673487635980483
0.297,1.2672946836727357
0.298,1.2672409697297322
0.299,1.2671876180884412
0.3,1.2671346251156288
0.301,1.2670819872246721
0.302,1.2670297008748261
0.303,1.2669777625705037
0.304,1.2669261688605664
0.305,1.2668749163376318
0.306,1.2668240016373928
0.307,1.2667734214379462
0.308,1.2667231724591408
0.309,1.2666732514619305
0.31,1.266623655247742
0.311,1.2665743806578562
0.312,1.266525424572798
0.313,1.266476783911736
0.314,1.2664284556318997
0.315,1.266380436727998
0.316,1.2663327242316573
0.317,1.2662853152108613
0.318,1.2662382067694085
0.319,1.2661913960463735
0.32,1.266144880215582
0.321,1.266098656485091
0.322,1.2660527220966842
0.323,1.266007074325369
0.324,1.2659617104788887
0.325,1.2659166278972398
0.326,1.2658718239521978
0.327,1.265827296046854
0.328,1.265783041615157
0.329,1.2657390581214643
0.33,1.265695343060101
0.331,1.265651893954926
0.332,1.2656087083589054
0.333,1.265565783853695
0.334,1.2655231180492272
0.335,1.2654807085833073
0.336,1.2654385531212151
0.337,1.2653966493553142
0.338,1.2653549950046676
0.339,1.2653135878146604
0.34,1.2652724255566263
0.341,1.2652315060274855
0.342,1.2651908270493823
0.343,1.265150386469334
0.34400000000000003,1.2651101821588833
0.34500000000000003,1.2650702120137554
0.34600000000000003,1.2650304739535236
0.34700000000000003,1.26499096592128
0.34800000000000003,1.2649516858833072
0.34900000000000003,1.2649126318287613
0.35000000000000003,1.2648738017693582
0.35100000000000003,1.2648351937390618
0.352,1.2647968057937824
0.353,1.2647586360110754
0.354,1.2647206824898491
0.355,1.264682943350074
0.356,1.264645416732497
0.357,1.2646081007983623
0.358,1.2645709937291358
0.359,1.264534093726233
0.36,1.264497399010752
0.361,1.2644609078232096
0.362,1.2644246184232852
0.363,1.2643885290895647
0.364,1.2643526381192882
0.365,1.2643169438281074
0.366,1.2642814445498394
0.367,1.2642461386362283
0.368,1.264211024456712
0.369,1.2641761003981888
0.37,1.2641413648647895
0.371,1.264106816277654
0.372,1.2640724530747094
0.373,1.264038273710453
0.374,1.2640042766557378
0.375,1.2639704603975623
0.376,1.263936823438862
0.377,1.2639033642983042
0.378,1.2638700815100892
0.379,1.2638369736237494
0.38,1.2638040392039551
0.381,1.2637712768303226
0.382,1.263738685097223
0.383,1.2637062626135975
0.384,1.2636740080027726
0.385,1.263641919902279
0.386,1.263609996963674
0.387,1.2635782378523648
0.388,1.2635466412474357
0.389,1.2635152058414783
0.39,1.2634839303404228
0.391,1.263452813463372
0.392,1.2634218539424393
0.393,1.263391050522588
0.394,1.263360401961472
0.395,1.26332990702928
0.396,1.263299564508582
0.397,1.2632693731941789
0.398,1.2632393318929507
0.399,1.2632094394237114
0.4,1.263179694617063
0.401,1.2631500963152535
0.402,1.2631206433720346
0.403,1.2630913346525234
0.404,1.2630621690330672
0.405,1.2630331454011057
0.406,1.2630042626550393
0.40700000000000003,1.262975519704099
0.40800000000000003,1.262946915468216
0.40900000000000003,1.262918448877894
0.41000000000000003,1.262890118874084
0.41100000000000003,1.262861924408061
0.41200000000000003,1.2628338644413013
0.41300000000000003,1.2628059379453618
0.41400000000000003,1.2627781439017618
0.41500000000000004,1.262750481301866
0.41600000000000004,1.2627229491467684
0.417,1.2626955464471787
0.418,1.2626682722233113
0.419,1.262641125504772
0.42,1.2626141053304516
0.421,1.2625872107484157
0.422,1.2625604408158013
0.423,1.2625337945987087
0.424,1.2625072711721013
0.425,1.2624808696197019
0.426,1.2624545890338923
0.427,1.262428428515615
0.428,1.2624023871742747
0.429,1.2623764641276416
0.43,1.2623506585017576
0.431,1.2623249694308398
0.432,1.2622993960571909
0.433,1.2622739375311058
0.434,1.262248593010782
0.435,1.2622233616622305
0.436,1.262198242659188
0.437,1.2621732351830306
0.438,1.262148338422688
0.439,1.2621235515745592
0.44,1.2620988738424295
0.441,1.262074304437388
0.442,1.2620498425777469
0.443,1.2620254874889612
0.444,1.2620012384035497
0.445,1.261977094561018
0.446,1.26195305520778
0.447,1.2619291195970832
0.448,1.2619052869889336
0.449,1.261881556650022
0.45,1.26185792785365
0.451,1.261834399879659
0.452,1.2618109720143582
0.453,1.2617876435504558
0.454,1.2617644137869877
0.455,1.261741282029251
0.456,1.2617182475887356
0.457,1.261695309783057
0.458,1.2616724679358915
0.459,1.2616497213769107
0.46,1.2616270694417167
0.461,1.2616045114717809
0.462,1.261582046814378
0.463,1.2615596748225275
0.464,1.2615373948549313
0.465,1.2615152062759125
0.466,1.2614931084553587
0.467,1.2614711007686592
0.468,1.2614491825966516
0.46900000000000003,1.2614273533255602
0.47000000000000003,1.261405612346943
0.47100000000000003,1.2613839590576337
0.47200000000000003,1.261362392859687
0.47300000000000003,1.2613409131603242
0.47400000000000003,1.261319519371879
0.47500000000000003,1.2612982109117454
0.47600000000000003,1.2612769872023242
0.47700000000000004,1.2612558476709714
0.47800000000000004,1.261234791749947
0.47900000000000004,1.261213818876364
0.48,1.2611929284921393
0.481,1.261172120043943
0.482,1.2611513929831515
0.483,1.261130746765797
0.484,1.261110180852522
0.485,1.2610896947085306
0.486,1.2610692878035434
0.487,1.26104895961175
0.488,1.2610287096117658
0.489,1.2610085372865847
0.49,1.2609884421235364
0.491,1.2609684236142429
0.492,1.2609484812545737
0.493,1.2609286145446044
0.494,1.2609088229885748
0.495,1.2608891060948444
0.496,1.2608694633758555
0.497,1.2608498943480886
0.498,1.2608303985320248
0.499,1.2608109754521044
0.5,1.2607916246366877
0.501,1.2607723456180169
0.502,1.2607531379321775
0.503,1.2607340011190595
0.504,1.2607149347223217
0.505,1.2606959382893517
0.506,1.2606770113712327
0.507,1.2606581535227046
0.508,1.2606393643021288
0.509,1.2606206432714544
0.51,1.2606019899961802
0.511,1.2605834040453234
0.512,1.2605648849913833
0.513,1.2605464324103068
0.514,1.2605280458814585
0.515,1.2605097249875832
0.516,1.260491469314777
0.517,1.2604732784524526
0.518,1.2604551519933085
0.519,1.2604370895332966
0.52,1.2604190906715922
0.521,1.2604011550105618
0.522,1.2603832821557341
0.523,1.2603654717157684
0.524,1.2603477233024247
0.525,1.2603300365305368
0.526,1.2603124110179793
0.527,1.2602948463856414
0.528,1.2602773422573983
0.529,1.2602598982600812
0.53,1.2602425140234512
0.531,1.2602251891801706
0.532,1.2602079233657772
0.533,1.2601907162186559
0.534,1.2601735673800107
0.535,1.2601564764938424
0.536,1.260139443206919
0.537,1.260122467168751
0.538,1.260105548031566
0.539,1.2600886854502829
0.54,1.2600718790824885
0.541,1.2600551285884107
0.542,1.2600384336308956
0.543,1.2600217938753826
0.544,1.2600052089898803
0.545,1.2599886786449441
0.546,1.2599722025136517
0.547,1.2599557802715795
0.548,1.2599394115967817
0.549,1.2599230961697652
0.55,1.2599068336734696
0.551,1.259890623793243
0.552,1.259874466216822
0.553,1.2598583606343072
0.554,1.2598423067381455
0.555,1.2598263042231057
0.556,1.259810352786259
0.557,1.2597944521269582
0.558,1.2597786019468165
0.559,1.2597628019496878
0.56,1.259747051841646
0.561,1.2597313513309656
0.562,1.259715700128102
0.5630000000000001,1.2597000979456716
0.5640000000000001,1.2596845444984328
0.5650000000000001,1.2596690395032666
0.5660000000000001,1.259653582679158
0.5670000000000001,1.2596381737471776
0.5680000000000001,1.259622812430462
0.5690000000000001,1.2596074984541974
0.5700000000000001,1.2595922315455996
0.5710000000000001,1.259577011433896
0.5720000000000001,1.25956183785031
0.5730000000000001,1.2595467105280418
0.5740000000000001,1.2595316292022505
0.5750000000000001,1.2595165936100392
0.5760000000000001,1.2595016034904352
0.577,1.2594866585843745
0.578,1.2594717586346855
0.579,1.2594569033860725
0.58,1.2594420925850986
0.581,1.259427325980169
0.582,1.2594126033215167
0.583,1.2593979243611861
0.584,1.2593832888530168
0.585,1.2593686965526276
0.586,1.2593541472174024
0.587,1.2593396406064752
0.588,1.2593251764807127
0.589,1.2593107546027027
0.59,1.2592963747367365
0.591,1.2592820366487953
0.592,1.2592677401065373
0.593,1.25925348487928
0.594,1.2592392707379896
0.595,1.2592250974552643
0.596,1.2592109648053225
0.597,1.2591968725639866
0.598,1.2591828205086721
0.599,1.2591688084183728
0.6,1.259154836073646
0.6000000000000001,1.259154836073646
0.601,1.2591409032566028
0.602,1.259127009750891
0.603,1.2591131553416863
0.604,1.2590993398156751
0.605,1.2590855629610456
0.606,1.2590718245674728
0.607,1.259058124426107
0.608,1.2590444623295616
0.609,1.2590308380719002
0.61,1.2590172514486258
0.611,1.2590037022566665
0.612,1.2589901902943665
0.613,1.2589767153614726
0.614,1.2589632772591226
0.615,1.258949875789834
0.616,1.2589365107574937
0.617,1.2589231819673443
0.618,1.2589098892259754
0.619,1.2588966323413113
0.62,1.2588834111225997
0.621,1.258870225380402
0.622,1.2588570749265808
0.623,1.2588439595742924
0.624,1.2588308791379714
0.625,1.258817833433325
0.626,1.2588048222773203
0.627,1.2587918454881735
0.628,1.2587789028853416
0.629,1.2587659942895106
0.63,1.258753119522587
0.631,1.2587402784076867
0.632,1.2587274707691263
0.633,1.258714696432412
0.634,1.2587019552242316
0.635,1.258689246972444
0.636,1.2586765715060697
0.637,1.2586639286552823
0.638,1.2586513182513985
0.639,1.2586387401268693
0.64,1.258626194115271
0.641,1.2586136800512955
0.642,1.2586011977707425
0.643,1.2585887471105097
0.644,1.2585763279085849
0.645,1.258563940004037
0.646,1.2585515832370064
0.647,1.258539257448699
0.648,1.2585269624813753
0.649,1.2585146981783424
0.65,1.258502464383948
0.651,1.2584902609435684
0.652,1.2584780877036055
0.653,1.258465944511473
0.654,1.2584538312155924
0.655,1.2584417476653844
0.656,1.25842969371126
0.657,1.258417669204613
0.658,1.2584056739978136
0.659,1.2583937079441998
0.66,1.2583817708980696
0.661,1.2583698627146742
0.662,1.2583579832502099
0.663,1.2583461323618113
0.664,1.2583343099075441
0.665,1.2583225157463975
0.666,1.2583107497382775
0.667,1.2582990117439994
0.668,1.2582873016252811
0.669,1.258275619244736
0.67,1.2582639644658653
0.671,1.2582523371530536
0.672,1.2582407371715594
0.673,1.2582291643875096
0.674,1.2582176186678937
0.675,1.2582060998805555
0.676,1.2581946078941868
0.677,1.2581831425783239
0.678,1.2581717038033358
0.679,1.2581602914404235
0.68,1.2581489053616088
0.681,1.2581375454397323
0.682,1.2581262115484437
0.683,1.258114903562199
0.684,1.2581036213562509
0.685,1.258092364806645
0.686,1.2580811337902138
0.687,1.25806992818457
0.6880000000000001,1.258058747868101
0.6890000000000001,1.2580475927199632
0.6900000000000001,1.2580364626200757
0.6910000000000001,1.258025357449116
0.6920000000000001,1.2580142770885114
0.6930000000000001,1.2580032214204373
0.6940000000000001,1.2579921903278084
0.6950000000000001,1.2579811836942745
0.6960000000000001,1.2579702014042156
0.6970000000000001,1.2579592433427353
0.6980000000000001,1.257948309395656
0.6990000000000001,1.2579373994495133
0.7000000000000001,1.2579265133915514
0.7010000000000001,1.2579156511097174
0.7020000000000001,1.257904812492655
0.7030000000000001,1.2578939974297019
0.704,1.2578832058108824
0.705,1.2578724375269035
0.706,1.2578616924691493
0.707,1.257850970529676
0.708,1.2578402716012083
0.709,1.2578295955771326
0.71,1.257818942351493
0.711,1.257808311818987
0.712,1.2577977038749595
0.713,1.2577871184153997
0.714,1.2577765553369344
0.715,1.2577660145368263
0.716,1.2577554959129655
0.717,1.2577449993638679
0.718,1.2577345247886704
0.719,1.2577240720871246
0.72,1.2577136411595942
0.721,1.2577032319070496
0.722,1.2576928442310646
0.723,1.2576824780338103
0.724,1.2576721332180518
0.725,1.2576618096871452
0.726,1.2576515073450305
0.727,1.2576412260962293
0.728,1.2576309658458416
0.729,1.2576207264995383
0.73,1.2576105079635609
0.731,1.2576003101447149
0.732,1.2575901329503667
0.733,1.2575799762884399
0.734,1.25756984006741
0.735,1.2575597241963026
0.736,1.2575496285846874
0.737,1.2575395531426754
0.738,1.2575294977809153
0.739,1.2575194624105888
0.74,1.2575094469434078
0.741,1.2574994512916098
0.742,1.2574894753679549
0.743,1.2574795190857215
0.744,1.257469582358703
0.745,1.2574596651012047
0.746,1.2574497672280385
0.747,1.2574398886545222
0.748,1.2574300292964722
0.749,1.257420189070204
0.75,1.2574103678925248
0.751,1.2574005656807339
0.752,1.2573907823526165
0.753,1.2573810178264415
0.754,1.2573712720209573
0.755,1.25736154485539
0.756,1.257351836249438
0.757,1.2573421461232706
0.758,1.2573324743975236
0.759,1.257322820993297
0.76,1.2573131858321505
0.761,1.2573035688361018
0.762,1.2572939699276218
0.763,1.257284389029633
0.764,1.2572748260655062
0.765,1.2572652809590559
0.766,1.2572557536345392
0.767,1.2572462440166514
0.768,1.2572367520305243
0.769,1.257227277601721
0.77,1.257217820656236
0.771,1.25720838112049
0.772,1.2571989589213268
0.773,1.2571895539860125
0.774,1.2571801662422304
0.775,1.2571707956180798
0.776,1.257161442042072
0.777,1.2571521054431287
0.778,1.2571427857505775
0.779,1.2571334828941516
0.78,1.257124196803984
0.781,1.2571149274106068
0.782,1.2571056746449498
0.783,1.2570964384383347
0.784,1.257087218722473
0.785,1.257078015429466
0.786,1.257068828491801
0.787,1.2570596578423454
0.788,1.2570505034143493
0.789,1.2570413651414403
0.79,1.2570322429576206
0.791,1.257023136797265
0.792,1.2570140465951194
0.793,1.2570049722862966
0.794,1.2569959138062756
0.795,1.2569868710908978
0.796,1.2569778440763646
0.797,1.2569688326992365
0.798,1.2569598368964294
0.799,1.2569508566052119
0.8,1.256941891763204
0.801,1.256932942308375
0.802,1.2569240081790398
0.803,1.2569150893138583
0.804,1.2569061856518307
0.805,1.2568972971322983
0.806,1.2568884236949387
0.807,1.2568795652797653
0.808,1.2568707218271244
0.809,1.2568618932776927
0.81,1.2568530795724753
0.811,1.2568442806528044
0.812,1.256835496460336
0.8130000000000001,1.2568267269370486
0.8140000000000001,1.2568179720252401
0.8150000000000001,1.256809231667527
0.8160000000000001,1.2568005058068417
0.8170000000000001,1.2567917943864302
0.8180000000000001,1.2567830973498504
0.8190000000000001,1.2567744146409696
0.8200000000000001,1.2567657462039639
0.8210000000000001,1.2567570919833138
0.8220000000000001,1.2567484519238046
0.8230000000000001,1.2567398259705238
0.8240000000000001,1.256731214068857
0.8250000000000001,1.2567226161644898
0.8260000000000001,1.256714032203402
0.8270000000000001,1.2567054621318694
0.8280000000000001,1.2566969058964583
0.8290000000000001,1.256688363444026
0.8300000000000001,1.2566798347217192
0.8310000000000001,1.2566713196769692
0.8320000000000001,1.2566628182574946
0.833,1.2566543304112943
0.834,1.2566458560866507
0.835,1.2566373952321237
0.836,1.2566289477965527
0.837,1.2566205137290505
0.838,1.2566120929790063
0.839,1.2566036854960798
0.84,1.2565952912302027
0.841,1.2565869101315745
0.842,1.2565785421506621
0.843,1.256570187238198
0.844,1.2565618453451786
0.845,1.2565535164228623
0.846,1.256545200422767
0.847,1.2565368972966717
0.848,1.2565286069966095
0.849,1.2565203294748717
0.85,1.2565120646840022
0.851,1.256503812576797
0.852,1.256495573106304
0.853,1.2564873462258193
0.854,1.2564791318888866
0.855,1.2564709300492964
0.856,1.256462740661083
0.857,1.2564545636785234
0.858,1.2564463990561376
0.859,1.2564382467486839
0.86,1.2564301067111596
0.861,1.2564219788987991
0.862,1.2564138632670725
0.863,1.2564057597716838
0.864,1.2563976683685683
0.865,1.256389589013895
0.866,1.2563815216640601
0.867,1.2563734662756896
0.868,1.2563654228056362
0.869,1.256357391210977
0.87,1.256349371449014
0.871,1.256341363477272
0.872,1.2563333672534969
0.873,1.256325382735654
0.874,1.256317409881928
0.875,1.2563094486507211
0.876,1.2563014990006496
0.877,1.2562935608905466
0.878,1.2562856342794568
0.879,1.2562777191266377
0.88,1.2562698153915575
0.881,1.2562619230338927
0.882,1.2562540420135302
0.883,1.2562461722905602
0.884,1.2562383138252822
0.885,1.2562304665781976
0.886,1.256222630510011
0.887,1.2562148055816302
0.888,1.2562069917541625
0.889,1.2561991889889146
0.89,1.2561913972473915
0.891,1.2561836164912952
0.892,1.2561758466825241
0.893,1.25616808778317
0.894,1.2561603397555186
0.895,1.2561526025620486
0.896,1.2561448761654286
0.897,1.2561371605285179
0.898,1.2561294556143638
0.899,1.2561217613862028
0.9,1.256114077807456
0.901,1.2561064048417312
0.902,1.2560987424528198
0.903,1.256091090604697
0.904,1.2560834492615194
0.905,1.2560758183876257
0.906,1.2560681979475332
0.907,1.2560605879059386
0.908,1.2560529882277165
0.909,1.2560453988779177
0.91,1.2560378198217697
0.911,1.2560302510246737
0.912,1.2560226924522044
0.913,1.2560151440701097
0.914,1.2560076058443088
0.915,1.2560000777408908
0.916,1.2559925597261155
0.917,1.2559850517664095
0.918,1.2559775538283684
0.919,1.2559700658787538
0.92,1.2559625878844927
0.921,1.2559551198126764
0.922,1.2559476616305605
0.923,1.2559402133055624
0.924,1.2559327748052613
0.925,1.2559253460973978
0.926,1.2559179271498713
0.927,1.2559105179307413
0.928,1.255903118408223
0.929,1.2558957285506909
0.93,1.2558883483266743
0.931,1.2558809777048578
0.932,1.2558736166540803
0.933,1.2558662651433337
0.934,1.255858923141763
0.935,1.2558515906186642
0.936,1.2558442675434842
0.937,1.2558369538858194
0.9380000000000001,1.2558296496154153
0.9390000000000001,1.2558223547021654
0.9400000000000001,1.255815069116111
0.9410000000000001,1.255807792827438
0.9420000000000001,1.2558005258064795
0.9430000000000001,1.255793268023713
0.9440000000000001,1.2557860194497588
0.9450000000000001,1.255778780055381
0.9460000000000001,1.2557715498114859
0.9470000000000001,1.2557643286891202
0.9480000000000001,1.2557571166594725
0.9490000000000001,1.2557499136938701
0.9500000000000001,1.2557427197637794
0.9510000000000001,1.255735534840805
0.9520000000000001,1.2557283588966888
0.9530000000000001,1.2557211919033089
0.9540000000000001,1.2557140338326798
0.9550000000000001,1.2557068846569504
0.9560000000000001,1.2556997443484037
0.9570000000000001,1.2556926128794565
0.9580000000000001,1.2556854902226582
0.9590000000000001,1.25567837635069
0.96,1.2556712712363642
0.961,1.2556641748526234
0.962,1.2556570871725399
0.963,1.255650008169315
0.964,1.2556429378162783
0.965,1.2556358760868866
0.966,1.2556288229547237
0.967,1.2556217783934989
0.968,1.2556147423770472
0.969,1.2556077148793283
0.97,1.2556006958744255
0.971,1.2555936853365453
0.972,1.2555866832400167
0.973,1.2555796895592906
0.974,1.2555727042689386
0.975,1.2555657273436536
0.976,1.2555587587582473
0.977,1.255551798487651
0.978,1.2555448465069141
0.979,1.2555379027912041
0.98,1.255530967315805
0.981,1.2555240400561183
0.982,1.2555171209876597
0.983,1.2555102100860611
0.984,1.2555033073270687
0.985,1.2554964126865424
0.986,1.2554895261404553
0.987,1.2554826476648937
0.988,1.2554757772360543
0.989,1.2554689148302465
0.99,1.2554620604238895
0.991,1.255455213993514
0.992,1.2554483755157584
0.993,1.2554415449673708
0.994,1.255434722325208
0.995,1.2554279075662331
0.996,1.2554211006675178
0.997,1.2554143016062393
0.998,1.2554075103596813
0.999,1.2554007269052319
1.0,1.2553939512203842
1.0010000000000001,1.2553871832827366
1.002,1.2553804230699894
1.0030000000000001,1.2553736705599468
1.004,1.255366925730515
1.0050000000000001,1.2553601885597028
1.006,1.2553534590256195
1.0070000000000001,1.2553467371064753
1.008,1.2553400227805804
1.0090000000000001,1.255333316026346
1.01,1.2553266168222799
1.02,1.2552600353827201
1.03,1.2551941860354945
1.04,1.2551290488429088
1.05,1.255064604746807
1.06,1.2550008355225204
1.07,1.2549377237355612
1.08,1.2548752527008624
1.09,1.2548134064444085
1.2000000000000002,1.2541703772695136
1.4000000000000001,1.2531428118163468
1.6,1.2522540289036248
1.8,1.2514746579180465
2.0,1.2507875802737707
2.2,1.250181615018617
2.4000000000000004,1.2496487244868
2.6,1.2491826821663745
2.8000000000000003,1.2487783941592105
3.0,1.248431531274711
3.2,1.2481383169198885
3.4000000000000004,1.2478953970877242
3.6,1.247699755709184
3.8000000000000003,1.2475486562794318
4.0,1.247439599443973
4.2,1.2473702907575552
4.4,1.2473386152443682
4.6000000000000005,1.2473426167189283
4.800000000000001,1.2473804805833097
5.0,1.2474505192596472
5.2,1.2475511596849624
5.4,1.2476809324628444
5.6000000000000005,1.2478384623746896
5.800000000000001,1.2480224600254664
6.0,1.2482317144488588
6.2,1.2484650865322715
6.4,1.2487215031483725
6.6000000000000005,1.2489999518996502
6.800000000000001,1.2492994763978387
7.0,1.2496191720122005
7.2,1.249958182030462
7.4,1.250315694184199
7.6000000000000005,1.2506909374971105
7.800000000000001,1.2510831794201507
8.0,1.251491723222177
8.200000000000001,1.2519159056087397
8.4,1.2523550945450252
8.6,1.2528086872618815
8.8,1.253276108426363
9.0,1.2537568084603958
9.200000000000001,1.25425026199306
9.4,1.2547559664336108
9.600000000000001,1.2552734406538089
9.8,1.255802223769363
10.0,1.256341874011406
10.200000000000001,1.256891967679877
10.4,1.2574520981715356
10.600000000000001,1.25802187507609
10.8,1.258600923334576
